40
50
4 7 12 18 20 21 25 26 29 32 33 37 40
2 4 6 9 11 16 18 20 22 24 29 33 34 35 36 38 39
1 2 4 5 7 9 16 18 19 20 22 25 28 29 32 33 35 39
1 2 4 11 17 18 19 20 21 24 25 26 29 33 35 36 37 38 39
1 5 10 12 15 16 18 19 20 23 25 26 27 33
3 4 5 8 9 11 14 16 24 25 33 36 39
1 2 5 20 21 22 24 25 26 33 36 39
2 3 4 5 11 13 15 16 18 19 21 24 29 32 36 39
5 10 15 18 20 21 24 25 29 36 38 39
3 4 8 9 16 19 21 22 29 33 34 35 36 37 39
8 10 12 18 19 21 29 33 36 37
5 14 20 21 25 26 32 33 35 38
2 4 5 10 18 19 24 29 33 36 38 39
2 8 9 14 18 19 20 23 24 28 32 33 34 35 38
4 5 15 18 19 20 22 23 25 29 35 37 40
4 11 18 22 28 34 37 38 39
4 5 6 10 11 18 20 21 24 26 28 30 35 38 39
1 2 6 14 20 22 26 29 33
2 6 14 18 19 22 29 33 34 35
2 3 4 12 14 18 19 21 22 29 33 38
4 9 14 16 25 29 31 35 36 37 38
1 2 5 18 19 21 22 24 26 29 36
9 14 15 21 24 25 33 34 35 36 37
1 2 4 7 14 15 16 19 20 24 25 28 29 30 31 34 35 39
2 3 7 8 9 10 12 14 18 21 23 24 36 38
2 3 4 10 11 18 19 21 22 24 25 30 33 37
3 11 18 20 21 24 25 29 31 33
1 2 4 9 12 14 21 38 40
2 5 9 18 21 24 29 33 37 38 39
1 3 16 20 21 24 28 29 31 35
2 9 11 16 24 25 38
1 5 6 9 11 14 18 19 20 25 27 29 33 36 37
1 9 15 19 20 22 25 29 30 32 38 39
1 3 4 11 14 15 18 19 22 27 33 35 36 39
1 2 4 5 8 10 20 29 34 35 36 37 38
4 5 15 19 20 24 25 33 34 38 39
4 9 10 11 18 20 22 25 26 29 33 35 36 37 39
2 3 6 9 10 19 22 23 24 34 37
2 3 4 8 13 15 16 18 19 21 22 24 26 29 36 38
1 9 16 17 20 32 34 36
4 8 17 19 24 25 33 34 37
2 3 4 10 11 16 20 21 24 29 33 34 36 37
1 16 19 20 25 26 29 32 38 39
9 20 21 22 23 24 26 29 33 34 35 36 37 39
2 5 6 9 15 16 19 22 24 25 29 34 35 37 38
4 8 9 10 13 14 16 20 21 25 33 34 35 36
4 5 9 11 14 16 17 22 29 33 39
4 5 8 10 16 18 20 21 22 24 25 29 36
5 9 14 16 24 25 26 30 34 35 36
2 4 5 19 20 22 33 38