100
60
3 7 10 11 13 18 19 23 28 34 35 38 39 43 45 46 48 50 51 52 58 59 63 78 79 86 93 94 98 100
1 5 8 9 10 17 18 19 22 27 28 30 31 35 45 49 53 58 62 64 67 73 74 78 80 81 83 85 86 94 98 100
1 2 6 7 10 11 13 14 15 22 23 29 30 31 32 33 37 40 42 45 63 64 66 67 68 72 73 80 89 93 100
6 21 23 26 29 33 34 35 37 39 40 43 46 48 49 50 51 56 58 60 63 64 68 71 88 90 92 98
2 3 11 12 17 18 21 25 28 38 41 45 46 47 48 49 53 55 56 57 58 66 68 71 72 76 79 80 81 82 88 92 93 94 98 100
1 3 7 9 11 20 21 28 31 34 35 38 40 42 47 50 55 60 76 78 83 86 87 88 90 92 96 100
3 7 8 11 14 17 21 23 29 30 34 35 45 46 47 48 51 58 62 63 68 72 75 77 79 80 82 90 97 98
1 2 6 7 9 13 21 23 33 38 40 41 43 46 49 50 52 53 54 58 61 62 66 72 73 74 76 83 86 90 92 93 98 99
1 3 5 7 10 16 18 22 27 30 34 35 37 45 47 50 58 63 66 67 68 70 74 80 81 82 88 90 98
2 6 11 13 14 16 19 21 22 27 28 38 43 45 49 51 53 55 56 66 67 74 79 82 87 92 94 95 98
3 10 11 14 22 23 25 28 34 35 37 48 49 51 58 66 72 73 77 85 86 87 88 92 93 96 98
3 6 7 11 13 15 16 20 21 27 36 38 46 47 51 53 54 56 64 67 69 70 75 80 82 85 86 88 91 97
2 3 5 6 9 11 18 22 31 37 38 40 41 44 45 48 59 60 61 66 78 82 86 92 93 94 97 98 100
2 6 7 13 15 16 22 27 28 34 38 48 57 60 64 66 73 80 82 83 86 87 92 94 96 98 100
3 9 18 19 20 22 27 28 30 35 37 39 42 43 44 59 60 64 66 67 70 73 74 80 81 87 89 93 94 97 98
1 3 10 16 18 27 28 31 33 38 46 49 51 53 73 75 79 83 85 86 93 95 97 98 100
6 11 14 16 17 22 23 26 38 39 41 43 46 47 48 49 50 51 52 55 70 75 77 78 80 82 87 88 92 93 98 100
19 28 34 35 43 44 45 48 51 67 75 79 80 81 83 84 87 88 94 97 100
1 4 5 6 7 10 13 16 21 28 35 45 46 50 54 58 63 64 67 69 79 86 88 89 92 97 98
2 15 16 18 19 22 23 36 38 45 49 50 60 61 64 67 79 84 86 90 92
1 7 18 22 23 28 30 35 46 51 57 58 62 64 68 70 75 76 77 78 83 92 94 100
1 2 9 10 12 21 27 33 34 35 36 40 47 48 49 50 51 58 61 63 65 66 74 76 80 82 86 90 92 97 98 100
1 3 6 7 11 14 15 21 22 23 25 28 33 34 35 36 40 43 45 47 50 52 55 58 64 67 68 73 76 79 81 86 87 92 94 98 100
1 2 3 6 14 18 19 28 30 33 36 37 42 44 48 53 54 61 67 72 73 80 82 85 86 87 88 92 93 94 97 98 100
6 7 9 10 13 16 17 21 24 25 30 38 44 48 51 55 58 63 70 72 73 78 82 87 89 93 94 97 100
1 3 4 6 9 10 11 14 15 18 21 33 34 35 42 46 50 63 71 76 78 82 84 86 88 90 94 95 98
1 5 6 7 11 13 14 15 18 19 20 21 22 26 27 33 34 35 44 45 46 51 56 58 63 64 70 72 78 80 82 83 84 88 90 97 98 100
1 3 6 9 11 12 13 14 21 28 30 33 34 35 37 38 41 48 50 51 56 58 64 66 74 83 88 94 98 99
2 3 9 16 18 20 27 28 34 37 42 45 47 49 50 51 60 63 67 71 75 85 86 97 99
2 5 14 15 17 18 21 33 35 36 40 42 44 47 48 49 50 51 53 63 66 67 68 71 72 80 82 83 85 91 94 97 98 100
14 22 26 28 30 33 34 35 38 44 45 46 47 49 50 51 61 63 64 66 70 71 74 78 80 81 94 95 97
2 6 7 12 13 15 16 18 19 20 22 23 28 30 34 41 42 47 50 51 58 62 63 64 76 78 79 80 81 98 99
3 4 7 8 9 12 13 14 18 19 21 22 31 40 41 42 45 51 53 62 63 66 67 78 87 92 93 94 98
2 3 6 7 11 14 18 23 27 30 31 33 49 50 61 63 64 71 82 86 88 92 96 98 100
1 3 9 18 22 28 33 34 35 38 40 41 44 47 48 49 54 55 72 82 87 90 93 97 98
1 6 12 14 18 19 20 23 27 28 31 34 38 40 42 45 50 53 54 58 63 66 68 71 80 81 86 93 94 97 98
3 10 13 15 18 23 24 25 28 30 32 35 36 39 42 45 46 47 51 53 58 63 64 66 72 73 77 78 80 82 83 85 87 90 92 93 98
1 2 8 9 10 12 14 15 18 19 22 30 31 33 40 46 48 49 50 58 60 62 66 67 71 79 82 85 86 87 90 94 95 96
3 6 7 32 34 35 41 43 45 46 50 53 57 61 66 68 74 85 88 92 93 94 100
1 6 7 11 16 18 22 23 28 30 32 36 40 41 43 44 46 51 58 60 63 65 66 79 85 86 87 94 97 100
2 3 9 10 14 18 19 21 22 28 30 34 37 45 50 64 74 78 87 91 94 95 98
8 9 11 15 22 30 33 37 38 48 49 51 56 66 67 70 72 74 82 93 94 97 98 100
1 3 9 11 13 15 17 22 28 33 38 39 44 45 46 48 53 65 69 70 72 77 81 82 88 90 94 95 97 100
1 3 6 11 14 16 18 22 28 31 38 40 43 44 45 56 64 68 70 81 86 88 90 93 94 98 100
3 8 9 13 18 20 21 26 34 46 48 49 51 66 72 75 80 82 85 87 88 93 95 98 100
2 3 6 7 14 17 18 19 23 28 33 38 40 44 47 48 51 60 66 67 68 72 74 78 79 80 87 92 94
1 3 7 9 18 19 22 34 36 40 41 46 50 58 63 64 66 72 80 82 84 93 99 100
1 10 18 19 21 28 29 31 35 46 48 49 51 53 58 61 63 64 67 72 76 82 87 92 94 99
2 14 16 17 18 22 25 27 28 30 33 34 40 48 49 50 58 59 60 68 72 73 76 79 80 86 87 95
1 2 6 9 13 17 19 21 22 25 27 30 41 46 47 48 49 60 72 79 82 92 94 100
1 2 6 8 9 13 18 19 27 30 33 34 35 41 44 48 50 51 53 57 58 61 62 64 67 72 81 91 92 94 97
1 2 4 5 9 13 14 19 30 34 37 40 43 46 49 50 53 55 64 67 71 72 76 79 80 85 86 88 92 98 99
3 6 8 9 24 28 30 33 41 47 48 54 55 61 62 64 66 67 70 76 79 82 85 87 88 93 94 98 100
3 4 7 9 13 14 18 22 27 33 35 46 48 50 58 63 64 66 67 68 71 72 73 74 78 81 82 83 86 92 93 100
1 2 3 5 6 10 11 18 19 22 23 32 38 41 43 44 50 51 53 58 61 63 66 69 72 74 76 80 84 88 92 93 97 98
2 3 5 6 10 11 12 15 16 19 21 34 37 40 41 42 46 49 50 58 61 63 68 70 71 76 82 87 92 93 94 98 100
1 3 8 13 14 16 18 19 22 33 41 46 47 48 51 63 66 67 68 72 84 85 94 95 96
1 2 3 6 7 12 13 14 19 22 28 30 33 36 49 50 51 58 60 63 79 80 82 84 85 86 92 93 94 95 96 97 98 99
7 8 9 11 13 18 19 28 37 50 51 52 56 63 64 66 73 76 90 92 94 100
1 3 9 14 28 29 33 34 41 42 45 47 48 51 55 57 58 62 81 85 88 93 94 98 99
