60
80
2 3 5 6 7 8 12 14 15 16 21 30 31 33 43 48 58 59
2 4 6 8 16 17 19 21 23 31 33 35 36 42 44 50 57 58
2 10 13 14 15 16 18 25 31 34 36 38 39 44 45 48 49 53 55 60
11 17 21 25 32 35 36 38 39 41 43 45 46 47 55 56 60
4 8 14 16 17 24 35 36 37 38 40 43 44 48 49 55 56 57 58 59
2 4 10 15 17 21 25 27 29 35 37 38 39 40 42 47 48 50 57
6 8 10 16 25 27 30 32 38 39 41 44 48 50 51 53 59
1 3 4 6 10 15 16 17 21 32 34 38 39 40 42 44 50 51
3 10 15 16 21 23 27 41 44 46 48 49 50 51 53 57 59
2 5 8 10 13 14 17 18 21 24 31 33 35 37 40 41 42 43 45 48 51 59 60
2 4 5 8 13 15 21 28 30 31 36 37 38 41 43 51 57
2 8 10 12 13 14 15 19 21 24 25 36 37 41 44 45 55 59
3 4 7 8 10 11 12 13 19 21 25 31 33 34 37 38 39 40 41 43 45 46 48 54 59
2 5 10 15 18 19 21 25 32 35 38 40 44 48 49 53 55 59 60
1 6 10 14 16 17 19 21 27 30 36 37 39 40 45 48 51 52 53 56 57 60
5 16 21 24 36 37 38 39 41 42 44 45 50 51 54 55 56 57 59
10 14 18 19 24 30 31 36 37 42 45 50 55 57
4 8 14 15 21 31 36 38 40 43 44 45 47 48 53 55 57 58 59 60
1 4 12 16 17 21 24 25 27 29 36 39 42 46 48 54 59
5 8 9 13 14 24 25 26 28 30 34 36 37 38 39 40 42 47 48 49 55 56 57 58 59 60
5 7 16 18 21 25 39 40 44 48 50 52 57 60
2 4 13 16 17 20 21 30 31 35 37 40 42 47 51 55 60
1 5 10 11 13 14 16 17 21 25 28 34 36 38 39 41 42 50 54 59
5 10 13 15 18 27 34 35 38 42 45 48 51 57 60
2 6 10 11 14 16 18 25 27 28 30 36 40 46 54 55 57
7 9 11 15 18 28 31 33 35 37 38 39 41 43 44 45 47 48 53
1 6 9 10 13 15 16 17 26 31 36 37 40 41 45 54 57 59
2 3 4 17 21 25 30 31 36 37 38 39 42 43 44 47 50 55 58
2 10 17 21 24 25 27 30 31 35 37 41 42 44 45 48 49 50 54 55 59 60
2 14 22 24 26 33 34 36 38 42 43 44 45 51 52 56 57 59
6 12 27 30 33 35 37 41 45 47 48 54 55 57
4 6 10 12 13 19 21 22 25 32 33 36 39 42 48 54 55 57 58
5 6 7 8 10 16 17 20 21 23 24 30 32 35 36 41 45 48 50 51 55 57 58
2 4 5 15 19 21 24 29 35 38 43 45 47 50 56 57
4 7 10 12 13 14 21 23 24 25 40 42 44 46 52 53 57 59
5 6 8 14 20 25 27 28 31 36 41 42 50 51 53 54 55 57 58
1 10 13 15 21 24 31 33 35 38 42 45 47 48 52 53 55 56 57 59 60
2 12 16 17 18 21 25 27 29 31 34 37 41 42 44 55 56
4 6 12 13 17 21 25 31 32 35 36 39 43 46 47 49 53 54 55 57
3 4 6 10 12 16 17 23 25 41 42 44 45 50 51 52 58 59
8 10 14 16 17 21 25 31 37 39 42 43 45 47 50 51 52 58 59
2 4 5 6 13 14 16 21 22 24 36 38 40 45 50 51 52 53 55 57 58 59 60
4 7 8 13 16 21 32 36 37 38 40 42 44 47 51 52 58
2 7 10 13 14 19 24 30 33 35 36 43 48 49 50 51 52 55 58 59
5 8 10 13 19 20 21 29 35 36 37 41 45 51 54 55 58
3 13 14 16 25 35 36 38 41 42 43 48 50 51 53 58
1 5 7 10 12 13 15 21 24 25 30 31 38 40 41 43 44 45 50 52 57
4 8 10 14 15 16 30 33 36 41 42 45 46 47 48 50 51 55 57 60
4 13 14 16 17 21 27 34 35 41 42 45 46 54 58 59 60
6 13 14 15 16 21 30 35 36 39 43 45 49 50 51 59
4 6 15 17 21 29 31 39 43 44 55 57 58
4 5 6 12 13 25 30 31 32 33 34 35 39 41 42 44 45 48 49 53 55 57 58 59
4 6 13 14 21 23 30 36 41 42 44 45 48 57
1 4 10 11 12 13 16 17 25 36 38 39 41 42 43 48 51 53 55 56 57 60
1 5 7 13 14 17 21 23 25 31 36 37 40 41 44 47 52 55 58 60
5 8 13 15 23 36 38 45 47 48 55 57 59
6 9 10 12 23 28 35 36 37 43 45 47 51 57 60
4 5 10 13 14 17 25 28 34 35 37 38 39 42 44 46 51 54 55 57
5 10 14 21 26 30 31 32 33 40 42 45 55 58
5 6 8 16 24 30 36 38 46 50 51 55 58 59
4 5 14 26 30 33 37 42 44 50 53 54
5 14 15 21 24 25 29 30 31 33 40 42 44 48 54 55
3 6 7 14 15 21 25 27 32 41 46 53 55 56 57 60
13 16 21 25 30 33 34 38 39 45 49 50 55
2 5 9 10 15 16 18 21 31 37 38 44 48 50 53
5 13 15 21 24 25 34 36 37 38 39 42 44 45 49 55 58 59
2 4 8 15 16 21 31 36 37 38 40 41 42 47 53 55 58 59
2 4 12 13 14 15 16 19 21 34 36 37 38 43 45 47 49 50 54 55 59 60
2 3 4 5 13 14 16 30 31 33 36 37 38 39 41 43 48 57 59 60
4 6 10 11 15 23 24 27 31 33 37 38 39 42 47 50 55 59
5 7 10 13 14 16 19 24 30 33 35 38 39 40 41 45 48 57 60
3 4 5 9 10 12 13 15 17 35 36 39 41 45 46 50 55
2 3 13 14 16 19 21 31 33 36 37 38 39 43 44 48 51
4 5 8 15 16 18 24 30 31 33 34 36 38 39 45 48 50 53 58 60
3 5 10 14 19 21 23 35 36 38 39 40 42 44 45 48 52
4 12 14 16 21 25 33 35 36 37 38 39 40 43 45 52 53 55 57 58
2 4 7 8 12 14 30 31 34 36 40 43 47 50 52 57 60
4 12 16 17 24 27 28 30 34 35 37 38 39 45 48 50 51 53
4 10 14 21 24 31 35 37 38 40 41 44 49 50 51 53 58 60
2 9 10 12 15 18 25 28 33 36 38 39 48 51 52 55 57
