40
50
1 3 4 6 7 8 10 12 13 18 24 37 38
1 3 4 10 16 17 20 21 22 28 31 32 38
1 3 10 13 15 17 18 21 23 36 38 39
3 6 11 12 16 22 23 24 26 30 32 37 38
3 4 7 24 25 26 27 32 33 34 35 36
3 8 10 12 20 22 24 28 29 30 31 32 33 36 37 38 40
1 3 6 8 10 12 26 27 34 39
3 6 7 12 16 18 24 26 30 31 33 34
1 6 17 24 25 26 29 31 32 33 36 39
2 4 5 12 15 16 23 24 28 29 31 35 38
1 3 6 8 10 13 16 17 21 22 24 32 33 36 37 38
4 6 8 9 10 12 24 27 29 30 32 33 38 39
1 3 8 11 16 19 23 24 32 36 37
1 2 3 4 6 11 20 22 24 27 29 30 33 36 37 38 40
3 4 5 6 8 13 18 21 22 24 26 33 36 38 39
3 4 5 6 7 13 15 18 20 21 22 23 30 31 32 36 37 38
1 3 5 10 11 18 21 22 23 24 25 26 32 37
4 6 8 10 11 12 19 20 23 24 25 27 33 38
6 8 10 11 13 20 30 31 32 38
1 3 4 7 8 10 11 12 15 16 20 21 22 24 25 31 32 35 38 40
1 3 4 6 18 22 24 26 28 32 34 35 38
1 3 4 5 10 17 20 22 30 31 32 34 35 36
1 3 10 11 15 16 18 20 22 24 29 30 33 38
2 6 10 12 13 22 25 31 38
7 10 11 22 23 24 25 26 27 29 30 34 35 38
3 4 5 7 10 16 23 26 32 33 36 38
3 6 8 10 11 13 22 24 33 34 36
5 11 14 17 22 29 31 32 34 37 38
6 10 11 13 18 23 26 27 32 33 36
2 3 8 17 21 22 29 30 34 40
6 7 10 12 13 18 24 35 37
3 6 10 12 16 17 20 21 22 23 24 25 33 37
1 3 6 12 18 21 24 25 33 35 36 38 40
1 4 5 8 16 20 27 29 38
4 5 10 11 18 20 21 22 24 33 36 38
4 16 19 20 21 22 24 29 30 31 32 33 35 38 39
1 3 4 6 8 11 21 23 31 38
1 4 6 11 15 17 20 21 23 24 25 30 32 36 37 40
3 5 7 8 12 13 21 22 26 32 33 37
1 3 5 6 7 8 10 16 22 24 29 33 38
3 6 11 13 16 17 20 21 23 25 27 30 33 35 40
3 5 6 8 10 12 16 20 26 29 33 34 35 36 38
3 4 6 8 11 12 13 16 20 21 22 28 30 32 37 38 40
8 9 12 16 22 27 28 36 38 40
4 7 10 18 32 33 35 36 38
1 3 5 6 7 9 12 13 17 18 21 23 24 29 30 32 33 34 35 36 37
1 10 11 20 21 22 26 30 31 32 33 35 36 37 39
3 9 11 12 19 21 22 25 26 30 32 33 35 36 38
7 8 12 18 21 22 23 25 27 29 36 38
4 5 10 13 14 21 22 23 24 27 29 30 32 33 35 38 39