300
100
5 9 10 14 19 20 21 26 28 31 48 49 54 55 59 64 69 78 82 89 92 93 94 97 98 99 101 102 103 104 106 108 109 119 120 122 123 125 127 129 130 139 146 148 149 153 154 156 157 158 164 166 172 173 175 178 184 189 190 206 207 210 213 214 218 229 237 240 245 247 254 257 258 263 265 266 269 270 271 275 276 280 286 288 295 300
1 4 5 6 7 9 12 14 18 20 23 25 26 29 36 38 39 40 42 49 58 67 70 76 78 84 94 96 101 102 106 117 123 126 131 139 141 143 146 148 153 154 155 156 158 165 166 167 183 184 187 188 190 195 200 201 202 206 220 239 240 242 244 248 251 252 254 256 257 258 262 268 270 272 282 286 287 289 290 292 294 299
3 7 8 17 18 19 21 24 25 28 32 39 42 47 49 55 61 63 65 66 68 69 70 73 74 79 84 86 89 92 93 94 96 102 106 108 110 113 116 120 122 123 125 126 127 129 130 131 132 136 137 140 141 148 152 158 161 164 166 172 176 177 188 193 194 195 196 202 203 206 211 217 220 222 224 227 228 234 235 239 242 245 247 248 249 252 254 261 263 264 265 268 273 282 284 288
2 4 5 6 7 14 25 28 29 31 32 38 45 59 64 68 69 80 91 92 93 96 101 102 107 113 119 120 122 123 126 127 131 132 136 139 140 141 146 148 149 150 152 153 162 164 178 184 189 195 200 201 202 203 206 208 211 215 220 222 226 232 237 239 240 245 246 247 254 257 261 262 266 270 273 280 282 284 293 295
1 2 3 7 9 18 26 27 28 29 30 31 32 36 50 51 59 64 67 73 78 90 92 94 95 96 100 101 103 105 108 109 110 113 114 122 132 133 140 146 148 149 166 168 173 181 186 187 188 190 191 194 195 197 200 206 215 216 217 218 220 229 235 237 240 244 247 255 258 261 269 278 280 282 283 286 287 293 297
1 2 3 4 5 6 7 8 9 11 12 15 16 18 22 24 27 30 36 41 43 45 52 55 59 64 65 67 68 69 77 78 80 82 92 93 96 98 102 103 105 108 109 110 116 122 125 128 129 132 134 139 146 148 175 176 182 184 191 195 198 201 202 208 211 213 220 227 235 237 240 241 244 245 254 261 262 264 268 269 271 274 284 286 292 293 294
1 2 10 11 17 20 22 23 25 27 28 33 38 41 42 45 59 68 69 74 76 79 81 88 93 98 103 105 107 109 113 117 119 122 124 127 132 135 137 138 141 144 152 153 155 159 164 165 167 169 170 171 172 176 179 184 190 194 195 199 200 201 202 206 215 234 236 242 245 246 247 249 252 254 258 262 263 265 266 270 286 289 292 294 295
1 3 5 18 20 30 32 38 45 46 49 50 52 57 59 61 68 69 73 77 82 90 93 96 101 103 104 105 110 119 122 126 127 129 130 132 138 144 149 153 164 171 176 181 184 185 190 191 195 197 198 201 202 211 213 223 224 225 229 234 235 240 244 246 251 252 255 256 257 258 260 263 270 273 275 276 284 285 289 292 294
1 3 6 9 14 17 18 20 25 26 28 30 34 41 43 49 50 51 53 54 69 73 74 78 80 91 95 96 102 103 108 117 120 121 122 123 124 125 127 129 132 135 136 137 144 146 149 154 155 159 161 175 182 184 188 190 195 199 201 202 203 215 232 239 240 242 244 246 247 254 256 262 263 265 268 270 273 279 280 282 284 286 289 292 300
3 8 9 13 14 21 22 27 31 32 36 41 42 45 49 57 67 68 81 82 90 92 97 102 103 105 106 107 113 116 117 120 122 125 126 127 129 132 143 144 146 147 154 156 161 164 166 167 171 172 173 183 184 188 189 201 202 212 220 222 223 227 237 239 245 248 251 260 261 262 263 265 266 268 269 270 273 276 280 282 287 290 291 294 300
5 6 11 17 18 19 24 25 27 28 29 32 34 36 38 40 41 43 44 45 49 57 59 61 65 67 68 79 91 93 95 98 100 101 103 117 119 120 121 123 127 131 133 134 138 145 150 153 154 156 158 161 164 170 171 172 176 179 184 190 195 197 200 203 206 211 217 222 224 236 239 240 246 256 262 263 264 265 268 280 281 285 289 290 291 294
7 11 12 14 17 19 28 32 38 41 42 48 50 52 55 56 57 61 64 68 73 78 80 88 90 92 93 94 96 98 101 103 105 106 108 113 115 119 123 127 130 132 136 139 146 153 154 155 169 175 180 191 196 198 200 201 202 215 217 219 220 222 232 234 239 243 244 245 247 256 260 269 270 271 275 280 285 286 289 292
3 5 7 10 14 17 18 19 20 22 24 25 28 29 32 39 43 48 54 57 59 63 68 70 75 76 77 78 80 84 91 93 94 95 96 101 102 103 105 106 108 110 116 118 119 132 134 135 137 138 139 143 146 153 154 158 159 161 163 170 171 186 188 189 199 202 208 209 212 213 216 222 223 225 240 242 244 247 254 260 262 268 272 276 280 285 289 290 291 296
10 18 23 25 35 36 41 45 49 51 54 55 59 64 67 78 80 85 87 96 98 101 102 103 104 105 113 120 122 123 127 129 130 131 138 140 141 150 152 153 154 156 157 164 168 169 170 171 172 173 176 182 186 188 190 191 193 195 198 210 218 219 222 227 232 237 240 246 252 254 256 258 261 263 265 269 286 290 297
2 3 6 11 12 14 16 21 29 30 34 38 50 55 59 63 67 71 77 81 83 90 92 93 94 101 102 104 105 106 127 129 130 131 132 133 137 151 158 164 171 175 176 178 186 189 190 194 195 197 198 201 202 208 214 223 233 235 236 243 244 245 246 248 249 251 253 254 257 262 270 277 280 284 285 295
1 6 13 17 19 25 26 27 30 33 35 41 42 43 45 52 53 54 55 62 73 78 80 93 95 102 105 106 108 109 115 116 117 119 123 125 126 131 132 133 136 139 149 152 157 167 170 171 177 186 188 194 199 201 202 203 204 205 211 218 219 229 230 232 237 239 241 245 247 248 252 254 256 262 264 267 268 269 273 275 289 290 292 293
2 9 10 14 17 18 19 20 29 32 41 42 45 51 53 57 60 64 72 80 81 84 86 91 94 95 96 97 98 100 101 104 112 113 116 123 126 127 135 137 138 139 141 148 156 158 170 172 176 177 178 181 183 184 185 186 188 190 191 198 199 200 201 206 211 215 216 219 223 225 227 229 232 236 240 245 246 252 258 262 263 264 268 270 273 280 281 282 284 289 292
5 6 9 10 11 14 17 19 28 30 31 32 34 36 39 41 43 48 49 54 55 56 61 64 67 68 69 72 85 87 90 92 98 102 107 109 110 113 115 119 123 126 127 128 130 133 148 155 156 170 171 172 184 186 189 191 193 195 197 206 212 215 234 254 256 257 258 261 264 265 266 267 268 271 275 282 284 286 289
1 3 6 9 14 20 23 26 30 32 38 39 50 53 63 64 67 73 77 78 88 94 96 98 100 101 104 110 113 117 122 127 130 131 133 137 141 147 153 161 163 164 167 168 170 172 174 175 176 184 186 187 191 192 202 204 213 219 220 222 224 235 236 237 239 247 248 252 256 257 260 262 263 264 268 273 280 282 286 292 293 294 295
4 9 18 19 22 23 27 28 30 36 41 44 47 49 51 53 61 67 74 76 78 80 81 95 98 102 103 105 108 112 120 122 126 127 130 134 138 139 144 146 148 149 151 154 155 161 162 163 171 175 176 177 182 191 197 200 205 208 213 215 217 219 229 232 234 236 237 240 242 249 255 256 257 258 260 261 262 264 265 266 268 271 277 282 286 293
3 6 12 14 17 18 20 22 28 31 36 39 42 45 50 51 52 53 57 59 60 70 89 92 93 96 97 102 105 108 110 115 127 128 130 131 132 134 136 143 148 151 152 153 167 171 183 189 191 193 195 201 209 213 215 216 229 231 235 241 245 249 254 257 262 264 269 270 271 278 281 295 298
2 6 7 8 20 22 27 28 29 30 35 39 41 43 51 69 80 88 90 92 100 108 109 113 123 125 126 130 131 132 137 139 141 144 146 149 161 166 170 173 176 186 188 201 203 204 206 208 213 215 216 222 232 236 241 245 246 249 257 260 263 264 265 268 270 271 273 280 282 289 292 293 294 296 297 298 300
4 7 13 24 27 28 32 43 44 47 48 51 53 56 58 63 77 78 80 81 84 90 92 93 96 98 99 101 105 106 108 109 110 114 115 117 120 121 128 129 130 131 132 133 135 136 139 143 144 146 147 155 158 167 168 170 171 173 174 176 178 180 182 188 193 197 201 205 206 209 212 222 225 231 235 245 246 249 254 256 257 261 262 270 273 275 282 283 287 289 294 295
5 7 10 14 17 20 25 32 33 35 38 42 45 49 53 57 59 66 67 68 73 75 78 96 98 103 105 106 107 109 110 111 117 120 121 122 124 127 129 136 138 139 141 148 153 154 157 158 162 174 175 176 181 184 186 189 190 193 198 200 202 207 208 211 214 215 224 237 240 241 242 244 245 246 255 258 262 273 276 277 279 280 285 286 289
1 4 6 7 9 14 17 19 22 24 31 36 41 48 49 50 51 52 53 55 64 65 68 77 78 80 82 92 98 101 104 107 109 110 116 122 123 124 125 126 127 130 132 134 138 146 151 153 155 157 161 163 167 169 179 183 184 189 190 193 194 195 197 198 200 203 213 214 220 224 229 232 236 237 240 246 249 251 254 257 258 265 268 271 276 279 280 282 290 291 292 293 297
6 7 8 10 14 16 18 19 22 25 27 28 32 38 41 42 43 49 53 55 59 66 69 72 76 83 92 93 98 101 102 105 107 119 120 123 126 127 128 129 131 136 140 145 146 151 154 162 163 164 166 173 174 177 178 184 188 190 191 193 195 197 201 205 208 209 212 213 216 219 220 221 222 225 229 233 234 235 244 247 251 252 257 259 262 265 268 270 280 282 285 286 292 295 298 299 300
1 3 4 5 7 9 14 22 26 28 36 48 50 55 60 61 63 64 68 70 78 81 82 90 92 94 98 101 103 105 108 109 111 112 113 117 120 122 123 126 127 129 136 137 142 143 146 149 153 154 155 158 166 167 168 177 178 186 188 189 191 192 193 197 199 208 209 211 213 215 222 223 225 228 232 234 236 237 239 240 242 245 252 255 256 261 263 266 268 270 275 282 286 289 290 292 294 295 296 298
6 14 16 17 18 19 25 27 28 30 32 41 43 49 51 53 54 55 58 63 64 68 69 74 78 80 82 90 92 93 95 97 102 104 105 106 108 109 119 120 122 123 125 129 131 133 135 148 153 165 170 172 173 183 190 191 194 196 198 207 215 217 219 220 222 234 235 237 242 244 245 250 254 257 258 261 263 265 268 270 275 280 289 292 294
2 6 7 18 19 23 26 27 28 32 38 42 43 45 57 67 68 73 77 80 82 92 93 94 95 96 101 102 105 116 117 120 122 123 126 133 136 143 146 153 156 163 166 170 176 179 181 184 188 189 190 191 195 197 200 202 203 208 211 215 220 222 232 235 236 240 241 245 247 248 249 250 251 254 257 261 262 263 264 266 268 273 280
4 5 6 11 14 18 19 20 22 25 28 31 38 40 41 42 49 50 57 63 68 74 77 82 93 96 101 105 107 108 116 123 135 136 138 139 143 153 155 157 158 168 172 173 176 177 178 184 186 189 190 197 200 208 212 216 220 222 224 230 232 234 235 236 237 240 241 249 257 261 262 263 264 266 268 273 279 280 284 285 290 292 295
2 5 6 9 22 23 41 42 49 52 53 58 59 67 69 73 76 77 78 81 89 90 95 96 98 101 105 109 117 119 120 122 123 124 126 130 131 136 139 140 151 152 153 164 171 172 182 184 186 188 189 194 195 196 200 201 206 208 210 212 213 215 228 234 235 239 241 242 244 252 253 254 255 256 257 264 270 271 272 280 282 284 286 292 293 297 298 299
1 3 6 8 10 13 20 28 32 38 41 45 49 53 59 60 62 64 67 69 81 82 85 93 101 102 105 106 115 116 119 122 123 125 126 129 130 131 138 140 143 153 158 160 164 171 172 176 177 178 184 186 187 188 189 191 195 197 198 201 202 204 207 208 213 215 217 221 229 232 237 239 240 241 242 245 246 247 249 251 256 257 258 259 263 264 275 279 280 289 290 292 295 296
3 5 6 9 11 14 17 18 19 25 28 31 35 41 43 47 49 51 53 58 60 68 78 81 91 93 95 97 105 107 112 117 122 123 126 129 131 132 135 137 138 148 149 151 152 155 156 163 166 170 171 178 182 184 190 191 195 205 207 208 210 215 217 218 228 234 238 239 241 247 249 251 252 254 256 257 260 261 262 263 264 265 268 270 284 286 288 291 292 296
2 3 7 13 17 19 22 31 34 35 36 41 43 53 55 67 69 74 76 77 80 88 94 97 101 102 104 106 108 119 123 124 130 132 137 140 144 146 147 154 163 170 171 175 177 184 190 193 195 199 200 204 207 217 220 222 223 224 233 245 248 249 255 258 262 265 267 269 270 273 278 282 284 285 292 293 295 299
3 4 6 7 12 14 18 19 27 28 29 32 43 49 53 55 59 60 96 97 101 102 106 107 108 111 113 115 119 121 123 125 127 128 132 136 140 146 154 157 160 165 171 172 175 176 188 191 195 202 203 208 214 217 227 228 237 239 240 241 242 246 247 252 253 254 255 257 258 262 266 268 269 271 277 279 281 286 292 293 299
1 2 4 5 11 14 17 18 22 24 25 31 36 39 40 41 53 56 68 75 77 78 81 86 88 95 96 101 104 106 108 111 115 116 119 120 125 127 130 131 132 135 137 138 154 156 170 174 176 177 183 184 185 186 188 191 193 194 195 199 201 202 203 215 222 224 225 232 236 237 239 240 245 252 257 258 260 261 263 268 269 270 273 277 279 282 286 289 290 295
1 4 6 7 8 9 10 14 18 27 28 30 31 32 38 39 49 59 67 78 81 90 92 93 94 95 97 98 99 101 102 104 108 110 111 112 119 122 123 127 133 136 137 138 139 140 141 143 148 149 154 156 157 161 163 166 167 172 176 179 182 188 192 193 195 196 198 199 200 201 203 207 208 217 222 223 235 239 242 246 249 250 251 257 258 259 260 261 263 264 268 270 275 281 298 299 300
5 6 10 19 24 25 27 34 36 44 56 57 63 67 68 69 77 78 93 95 107 117 119 120 123 129 139 140 145 146 148 153 158 160 161 166 167 170 172 173 177 178 183 184 186 188 190 191 195 197 199 200 207 209 212 213 214 219 220 224 226 239 242 245 247 251 257 265 268 270 280 282 284 286 292 294 295
1 4 7 9 22 23 31 32 36 39 41 51 54 57 64 68 69 71 75 76 78 81 91 93 95 96 99 101 104 110 113 115 117 122 123 125 126 132 135 138 139 143 153 158 161 169 171 173 175 179 184 186 187 189 191 193 195 197 199 203 208 213 219 220 221 224 230 232 237 239 251 252 254 257 260 261 262 266 270 271 275 280 287 288 295 297 300
1 4 5 8 9 18 25 39 41 44 46 47 49 59 60 94 96 98 100 103 106 107 108 110 115 121 122 123 124 125 126 127 130 143 144 146 148 149 153 154 155 158 162 163 168 169 170 174 184 188 190 192 194 199 208 209 213 214 215 217 224 226 232 236 237 238 242 245 254 257 258 260 275 277 279 282 284 285 286 289 290 292 295 299
4 7 9 10 21 24 25 27 31 32 33 38 41 50 55 57 59 64 68 69 73 75 77 78 82 86 93 97 101 103 104 108 116 117 120 123 124 126 129 130 131 133 135 138 140 143 144 149 158 161 166 168 170 171 172 173 175 178 181 182 189 190 193 195 197 200 201 203 204 208 211 213 214 216 217 218 220 222 229 232 233 234 235 237 240 251 252 254 256 258 262 265 269 273 279 282 284 286 287 289 290 292 293 300
2 3 6 8 19 20 21 24 35 41 42 48 50 59 69 74 78 88 93 94 98 99 101 105 107 108 109 113 114 117 119 123 131 138 141 146 148 149 158 164 167 171 176 188 191 195 197 199 203 206 215 216 220 221 222 224 226 232 235 239 242 246 251 254 258 260 264 265 266 271 273 275 276 282 286 289 292 294 297 300
6 9 19 20 22 26 27 28 29 39 43 45 64 65 67 68 78 90 92 95 98 103 105 106 108 110 113 117 127 130 133 139 140 146 148 155 158 164 165 166 172 180 183 184 185 187 190 191 195 206 208 211 215 219 222 226 237 239 240 243 245 254 256 257 260 262 263 265 266 269 271 276 282 284 289 295
5 6 9 12 14 19 23 26 27 40 41 45 49 51 54 67 68 69 71 84 88 91 92 93 94 95 96 98 99 100 107 108 110 113 115 117 120 123 126 132 140 141 144 146 148 151 166 171 172 177 184 188 190 191 195 197 201 202 205 208 211 212 213 214 217 225 228 234 239 242 244 246 247 248 252 254 257 258 260 262 265 270 286 289 296
6 7 10 11 12 14 17 18 23 25 28 29 32 33 34 40 45 49 53 55 66 67 68 72 73 77 78 81 84 90 91 92 94 96 103 107 108 110 115 117 119 123 125 126 131 132 140 144 154 156 158 172 174 175 183 184 186 188 189 194 195 201 205 206 211 212 215 217 219 226 232 234 237 241 246 251 254 255 256 257 261 265 271 272 276 277 284
7 10 11 16 20 21 25 28 29 39 41 42 44 45 49 55 57 58 59 67 68 74 76 78 90 95 96 102 103 104 105 108 110 116 126 130 131 132 136 141 142 146 148 149 153 158 164 171 172 178 182 190 195 197 201 202 203 206 211 218 224 237 240 241 245 249 256 260 262 264 265 268 270 271 276 282 283 285 288 289 290 291 295
5 6 10 16 17 18 25 26 36 37 39 41 42 46 59 60 65 66 68 69 76 77 91 92 93 95 98 101 102 104 107 108 110 112 113 116 117 118 119 125 126 127 129 145 146 149 158 161 164 168 170 171 176 178 182 186 188 190 195 198 199 201 210 211 219 221 222 224 227 232 234 235 236 239 240 242 244 246 249 251 252 256 257 258 268 270 280 284 285 286 289 290 291 292
2 4 5 7 9 11 13 27 30 35 38 40 45 49 55 57 58 80 83 84 85 87 93 95 105 106 108 114 119 120 122 129 131 133 146 147 148 153 165 171 172 176 182 184 188 190 192 195 199 200 211 215 227 231 234 239 241 242 247 249 251 254 255 256 262 264 268 273 276 280 281 282 289 290 291 292 294 295
3 5 12 14 17 27 33 36 37 38 43 46 49 51 55 59 64 68 69 75 76 84 88 93 94 95 97 98 99 101 110 116 118 119 120 122 123 125 127 128 129 131 138 143 146 156 157 161 162 165 167 168 170 171 175 178 183 184 189 190 193 194 197 199 200 201 203 204 210 212 213 214 217 218 219 220 221 223 227 232 239 241 244 251 257 258 259 260 263 273 275 276 282 284 286 294 295 296 297 299 300
4 5 6 7 9 12 14 17 18 19 20 25 28 35 36 38 40 53 54 55 59 61 69 71 78 79 80 84 91 92 94 96 97 103 110 113 119 122 123 126 127 128 129 135 138 139 146 147 148 149 153 156 158 163 166 167 170 171 175 176 177 181 184 186 187 190 191 197 199 200 202 203 208 213 215 216 217 220 222 234 235 237 246 247 249 254 255 256 257 258 260 262 264 266 267 273 282 286 290 294 295
6 7 12 13 22 26 27 31 32 37 41 52 55 66 68 78 92 94 96 98 104 105 109 110 112 122 123 125 130 131 134 138 139 146 149 152 154 155 163 164 167 170 175 178 179 181 183 188 190 193 200 208 212 217 220 221 232 237 240 241 244 246 254 255 256 257 260 267 271 280 286 287 289 290 292
1 4 7 8 14 22 25 26 28 30 31 35 50 55 60 63 68 73 75 80 81 88 98 102 105 106 108 111 113 116 117 122 123 126 129 133 137 139 146 149 150 153 155 158 159 165 170 172 176 177 191 195 197 199 203 209 216 227 232 237 241 242 244 245 246 252 257 258 267 271 276 282 291 300
4 6 11 17 18 19 20 23 26 32 35 37 43 46 50 51 52 54 59 60 67 68 69 72 74 78 80 91 93 94 98 100 105 106 110 113 117 119 122 123 126 127 130 131 139 148 149 150 153 158 164 165 167 171 179 182 184 188 190 191 197 198 199 200 202 203 206 211 212 213 218 222 234 235 239 240 247 257 259 261 263 268 282 284 287 291 293 294
1 6 8 9 10 14 18 22 26 27 28 36 41 42 52 53 54 55 56 63 67 68 88 92 95 97 99 110 113 120 122 123 126 127 129 132 137 146 149 152 154 156 161 164 170 172 179 180 187 188 189 191 193 195 197 199 201 204 206 213 215 216 222 226 229 232 234 235 237 240 241 244 246 251 253 254 255 256 257 261 262 263 268 276 282 284 290 292 296
2 3 6 9 10 17 19 21 25 26 28 29 30 31 40 41 49 51 65 66 69 73 81 90 91 93 95 96 97 99 101 105 110 113 114 115 116 119 120 123 125 126 127 128 129 130 137 141 144 148 158 166 172 176 184 186 189 190 191 195 197 199 200 202 206 208 213 222 224 226 229 230 232 235 237 240 244 246 257 260 261 263 270 271 275 280 285 289 292 294
3 6 9 14 17 25 26 34 35 36 38 47 55 59 67 72 74 77 85 89 92 95 98 106 116 117 127 129 131 132 135 136 137 143 145 149 154 165 166 169 170 176 178 182 188 189 190 193 197 199 202 206 208 213 215 218 222 223 227 234 239 240 241 244 247 249 251 261 262 263 264 265 271 274 275 284 292 293 294 298 299 300
8 9 10 11 14 15 17 19 21 23 25 26 28 32 34 39 45 50 53 54 62 65 67 90 95 98 99 103 105 112 119 122 124 131 132 135 145 148 149 152 154 155 156 157 158 163 164 173 178 188 191 195 197 200 201 202 208 213 214 222 224 232 235 236 237 242 243 249 251 256 258 260 261 263 265 267 270 271 272 276 277 286 290 292 295 299
4 7 8 9 22 25 28 30 32 36 41 42 49 50 52 64 66 69 78 92 93 94 95 98 99 102 108 110 113 115 116 120 121 122 123 125 128 139 143 144 145 146 149 153 155 156 160 162 165 167 170 178 180 186 187 191 209 211 213 217 218 220 222 223 227 229 232 233 234 235 245 246 249 256 257 262 264 270 271 276 278 280 285 286 289 290 291 299
1 2 7 19 21 22 28 29 32 33 41 42 43 44 49 53 58 59 68 76 78 81 90 92 93 96 97 98 101 102 104 107 108 109 116 117 120 123 126 127 131 137 145 152 153 154 156 164 167 172 174 176 178 181 186 189 195 197 202 203 209 213 215 217 222 224 226 229 232 234 235 237 240 241 246 249 258 265 271 273 276 280 282 286 289 290 292 294
3 4 5 9 10 13 15 17 20 21 26 28 32 36 40 41 53 56 59 60 65 69 77 78 80 81 89 96 100 101 103 110 113 122 123 125 127 130 131 137 141 143 148 149 154 161 169 170 171 172 179 184 186 190 191 199 200 202 203 204 205 207 208 210 211 212 226 232 237 240 244 247 249 254 255 257 258 269 270 280 289 290 292 293 294 296
2 5 9 13 14 25 26 28 29 31 32 39 41 49 50 51 55 58 63 67 68 75 76 80 94 95 96 98 101 106 110 122 123 129 132 139 143 148 155 157 163 164 166 171 172 174 176 179 188 189 190 193 198 199 201 205 212 213 218 222 223 227 231 235 236 238 239 241 244 246 257 262 263 268 270 271 276 279 282 284 285 287 290 291 292 294
4 5 7 9 11 12 14 17 19 21 23 24 26 32 36 38 49 51 53 55 57 58 67 68 78 91 93 96 104 105 109 110 116 119 120 122 124 128 129 133 137 139 142 143 146 155 158 170 171 179 181 184 192 195 197 200 201 202 203 206 212 213 216 225 228 232 235 237 238 239 241 246 252 255 256 260 263 276 277 279 280 284 285 289 293
6 10 11 14 22 23 25 31 37 39 42 53 54 60 62 73 77 80 82 95 96 98 102 105 108 109 110 114 116 123 125 127 132 136 138 140 142 146 150 152 155 161 166 167 170 175 182 184 193 195 197 201 202 207 208 214 217 219 220 222 225 235 239 242 245 247 251 252 256 257 258 260 263 266 268 270 271 275 276 281 284 289 291 296 298
1 2 7 8 10 14 19 25 26 27 28 29 30 34 36 46 47 49 52 55 56 59 60 64 69 71 81 84 89 90 92 93 101 102 106 109 110 113 114 119 122 127 131 141 147 149 155 157 160 164 166 176 177 182 187 193 197 215 220 224 226 228 230 235 239 254 256 257 259 260 263 269 271 273 275 276 282 286 298
5 6 7 12 25 26 27 28 32 35 39 42 55 58 59 63 66 69 71 73 74 78 86 88 93 94 95 97 105 106 107 108 120 124 125 126 127 130 131 137 144 146 149 155 157 159 164 166 167 171 177 184 186 188 190 195 197 198 203 205 220 222 229 235 240 241 244 245 246 247 251 261 262 263 267 268 272 273 275 281 284 285 286 289 298
2 6 8 9 10 11 14 19 20 22 23 24 27 35 36 41 45 50 53 55 64 68 81 93 94 96 106 109 110 113 117 119 127 128 130 131 139 140 146 153 156 158 161 165 168 175 176 179 181 191 193 195 199 211 215 224 232 234 237 239 243 246 257 258 262 264 266 270 271 275 279 280 288 293 300
4 5 6 7 9 12 13 14 17 18 19 20 22 26 34 37 38 41 45 54 55 57 60 63 64 67 69 82 96 98 100 104 105 106 120 122 124 129 130 136 149 154 155 166 170 172 176 178 179 184 186 190 193 194 201 204 206 214 219 222 247 251 252 259 261 264 270 273 276 280 281 284 286 290 292 293 296
6 9 10 12 17 18 23 27 28 32 38 40 41 49 57 59 60 61 67 76 77 80 86 91 93 94 96 97 100 102 104 115 120 130 133 134 138 139 141 144 146 149 151 154 158 164 165 170 171 174 176 179 188 189 193 199 200 202 207 213 214 222 224 232 235 239 240 241 242 245 246 258 264 265 268 269 280 290 295 298
4 6 8 9 12 17 27 31 39 41 49 55 58 59 63 64 67 68 69 77 81 84 90 101 102 104 105 108 112 120 123 124 125 126 128 133 135 139 144 152 155 158 162 163 171 175 176 177 181 184 193 197 201 202 203 207 208 214 217 222 227 229 232 234 237 239 244 245 246 247 250 251 254 256 261 262 263 266 270 273 275 279 282 286 287 290 293 294
1 2 5 7 13 15 26 30 36 38 49 51 53 55 57 63 66 74 76 81 93 96 97 101 103 105 107 116 117 121 122 123 129 130 131 132 135 138 139 140 142 143 146 147 148 153 154 157 158 163 171 172 175 176 186 187 190 191 199 201 202 206 226 229 232 235 236 238 239 244 247 251 252 254 256 258 259 261 262 263 264 271 276 279 282 286 289 290 291 292 293 294 295 299
3 5 6 7 10 20 31 32 33 38 39 41 49 51 53 54 56 57 58 59 62 67 68 69 78 90 91 93 94 95 98 101 103 107 111 115 119 122 125 127 129 135 140 144 147 149 153 156 163 168 171 172 173 176 184 187 191 192 194 206 211 214 215 217 219 222 224 229 231 237 239 240 246 250 251 254 256 257 262 263 269 273 282 286 289 290 294 295 300
1 2 3 6 10 16 18 20 25 27 28 29 30 32 39 49 51 54 63 64 69 72 76 78 80 81 93 100 102 104 105 107 109 115 123 125 128 133 135 136 137 139 144 149 150 155 156 161 164 169 171 177 185 187 206 208 213 215 220 225 226 235 238 239 240 245 246 254 255 257 259 262 265 271 279 280 282 286 291 292 293 295 299
2 3 6 7 8 9 11 14 17 20 22 23 25 26 29 30 38 39 43 49 50 52 53 61 68 74 78 80 82 85 89 92 98 100 103 105 109 113 122 126 129 130 131 132 137 138 167 170 171 172 173 176 182 187 188 190 194 195 199 201 202 215 217 221 222 223 236 240 241 244 250 257 258 260 262 265 270 279 280 289 290 294
1 3 6 8 9 10 11 15 18 19 20 21 22 24 25 26 27 32 39 40 50 57 58 66 69 70 74 87 90 94 98 99 101 102 103 105 106 108 109 110 113 115 123 128 129 130 132 134 139 143 145 146 147 148 149 153 154 155 157 158 167 170 171 172 183 184 188 189 193 202 203 208 211 220 222 224 226 229 231 241 245 246 250 251 254 256 262 263 267 270 275 284 285 286 290 293 295
1 4 7 9 14 20 25 28 32 39 40 41 48 49 50 60 61 64 68 78 84 92 95 101 102 105 108 113 127 129 132 136 142 143 146 149 154 157 162 164 171 178 179 186 187 189 190 191 195 199 200 203 211 228 237 239 240 242 247 249 251 252 255 257 259 260 261 262 264 269 271 276 277 282 285 286 295
6 7 9 10 14 17 18 20 25 28 31 39 42 43 47 49 53 55 57 60 62 63 65 68 69 75 77 78 81 88 90 93 94 95 96 98 99 101 102 105 109 110 113 115 123 127 128 130 132 133 139 153 154 155 157 166 171 172 176 177 179 180 182 183 191 192 197 199 200 203 214 222 227 229 231 232 234 247 251 252 254 255 256 257 258 268 270 292 294 295 300
7 9 14 17 25 28 32 36 39 41 53 57 69 78 81 92 93 95 96 98 100 101 102 103 106 113 119 120 123 125 126 128 130 131 132 133 137 139 149 153 154 164 165 168 170 172 175 176 185 188 189 191 195 197 202 203 208 209 214 215 218 222 224 237 240 244 245 247 250 254 259 260 261 262 264 265 268 270 271 274 276 281 282 289 290 294 297
1 7 11 14 15 16 18 20 22 23 25 30 32 34 35 38 39 41 45 54 55 57 58 63 64 66 68 69 70 73 78 81 95 96 97 100 105 106 113 119 120 123 125 126 130 132 136 137 140 149 152 154 156 158 161 164 166 172 174 177 187 188 189 191 202 203 207 208 213 214 215 220 222 224 226 232 239 242 247 248 252 255 257 261 262 264 265 276 282 286 289 291 292 294 298
3 5 7 8 10 12 17 22 23 28 32 36 37 39 45 49 53 56 60 64 67 68 90 93 95 98 101 102 103 105 108 113 115 117 123 126 127 130 133 135 137 138 141 143 155 158 161 176 182 185 188 189 190 197 204 218 223 224 234 235 236 238 240 244 246 249 254 256 265 270 275 280 289 291 294 295 297
1 2 6 9 12 13 14 15 16 18 20 29 39 42 48 50 54 57 59 68 76 77 89 90 92 95 96 102 103 105 109 113 115 117 122 123 125 127 131 132 138 144 146 147 149 154 157 168 172 174 175 178 188 189 190 191 192 193 195 200 201 203 204 206 209 210 219 224 225 226 227 232 236 239 240 242 246 247 254 256 257 258 263 271 282 286 288 289 290 292 293 295 299
4 6 9 10 13 14 17 19 27 29 34 35 36 67 68 80 84 90 92 97 101 102 103 110 113 116 120 122 123 127 132 135 139 140 146 153 154 155 170 171 172 176 177 188 190 191 195 197 200 203 205 207 208 224 227 231 232 237 240 241 242 245 247 251 253 257 260 261 263 268 271 272 282 287 289 291
2 5 6 22 25 26 28 29 30 32 33 35 39 44 48 49 54 62 63 68 73 74 78 92 95 96 101 102 106 110 115 117 120 122 125 126 130 131 132 134 135 136 138 139 140 141 152 153 154 156 164 170 172 175 176 179 184 186 187 189 195 200 202 211 212 214 216 218 232 234 235 237 240 245 254 256 259 261 265 266 275 276 288 290 293 294
1 10 17 19 30 32 36 41 49 54 56 57 59 62 64 65 67 68 74 77 78 81 88 90 93 95 96 99 101 102 104 106 107 108 110 113 117 122 125 126 128 130 131 133 136 137 139 158 160 161 171 172 173 178 188 190 191 193 195 203 204 218 224 232 236 237 240 241 244 245 249 251 252 257 261 262 263 265 271 273 275 276 280 282 284 286 289 293 300
3 8 9 10 12 14 17 22 26 27 29 30 32 33 41 45 52 58 60 64 66 71 81 95 102 105 115 117 120 123 126 129 132 143 145 149 155 156 158 161 167 171 172 176 184 186 188 196 201 202 203 205 214 215 220 223 226 231 232 234 237 238 240 242 251 252 255 257 258 263 270 271 280 289 291
3 5 8 13 14 18 22 25 27 28 38 39 42 51 52 53 57 58 61 67 68 76 79 81 92 96 98 105 106 107 109 110 120 129 130 132 135 141 143 146 149 153 158 160 163 176 180 181 184 186 188 193 197 199 201 203 211 212 219 222 232 242 244 245 249 254 257 263 265 266 268 272 296
5 7 8 9 14 17 18 20 26 27 28 30 31 41 42 55 59 62 69 93 95 96 104 105 110 114 120 122 125 126 127 130 131 140 141 144 145 149 151 153 154 155 160 170 171 178 179 189 190 191 200 201 211 213 215 217 226 231 234 236 239 242 243 249 251 256 257 263 268 270 275 285 286 287 291 292 294 295
1 2 4 6 8 10 12 17 28 48 52 53 56 58 60 63 67 75 80 82 86 95 96 102 103 110 114 120 122 123 127 130 131 132 133 135 141 146 148 153 154 155 158 161 166 170 172 174 184 186 194 197 199 200 202 204 208 211 212 217 220 225 236 238 239 240 241 247 254 257 258 260 262 266 270 273 274 275 279 285 286 290 291 292 298
1 2 5 6 7 9 14 21 22 25 26 27 29 30 34 45 59 64 67 69 78 80 83 88 92 93 101 102 113 120 122 127 129 133 138 143 146 147 155 158 164 166 167 176 177 182 188 190 191 193 194 195 198 199 205 208 213 214 215 219 220 222 235 236 237 240 242 244 245 250 251 254 256 262 268 270 271 273 280 285 288 289 290 291 292 294 300
1 7 8 10 12 18 19 20 21 22 25 28 30 32 34 35 39 40 41 44 45 49 53 55 58 59 64 68 75 78 80 82 88 92 95 97 98 105 107 110 114 125 127 128 129 130 131 133 143 146 149 154 155 156 158 163 170 171 175 176 178 186 191 195 201 211 213 222 224 225 234 235 236 237 239 240 241 245 247 248 249 252 257 258 260 261 262 265 270 271 273 275 276 277 279 280 286 287 290 293 294 300
3 5 6 9 10 11 17 18 19 20 22 23 27 29 32 36 38 40 41 45 49 55 58 59 67 68 74 78 80 81 82 92 93 95 100 102 103 105 108 112 117 120 123 130 132 135 136 149 152 154 156 157 159 164 170 174 177 182 189 191 195 202 206 207 212 215 217 222 223 224 225 227 229 235 238 240 242 245 247 249 252 254 255 257 258 260 263 264 268 270 271 273 275 280 282 284 289 290 292 294 295
5 6 8 9 10 11 14 17 18 20 22 23 25 28 32 36 39 41 43 49 51 53 55 57 70 76 78 93 94 95 101 104 106 110 115 117 122 127 130 140 143 149 154 155 156 158 163 167 170 171 172 173 180 183 188 192 199 203 207 208 211 213 215 220 224 228 229 235 236 237 242 244 246 247 252 254 257 260 266 270 271 273 276 279 282 286 290 292
1 4 7 14 17 18 19 22 23 25 27 28 32 37 46 49 52 61 62 67 68 73 80 86 88 90 92 93 94 100 101 102 103 106 108 116 118 120 127 139 144 145 150 153 154 155 158 164 165 170 171 172 175 176 177 181 186 187 190 191 195 199 200 201 204 207 208 209 211 212 215 219 222 223 224 226 227 234 237 240 245 247 251 257 261 262 263 266 268 270 273 284 289 291 292 293 294 295 298 300
1 2 3 5 9 10 14 16 19 22 23 24 26 28 31 33 36 38 41 42 45 50 53 55 57 60 61 67 69 74 76 78 81 92 93 94 95 96 97 98 101 103 106 108 122 125 126 127 136 138 139 146 149 156 166 167 170 171 178 181 184 187 188 189 190 195 197 201 202 212 213 214 215 216 220 225 229 239 240 241 244 245 252 256 257 258 261 262 263 264 266 268 270 273 275 280 282 284 285 294 297 299
4 5 6 10 17 19 20 22 23 25 30 31 32 38 45 50 52 53 67 76 77 78 80 88 90 91 93 95 98 102 105 107 119 123 126 127 129 130 131 132 140 144 145 148 149 153 158 170 171 173 178 186 187 188 199 200 202 203 206 207 211 214 217 220 233 235 238 239 242 244 247 251 252 253 254 257 258 260 262 271 276 282 286 288 289 290 291
1 4 5 19 23 24 25 32 34 40 49 58 59 63 64 65 66 67 77 80 81 90 92 94 96 98 101 105 106 109 110 111 113 115 119 123 127 128 130 135 141 142 144 149 160 163 165 166 168 170 171 178 184 188 189 195 199 201 202 203 213 216 219 231 232 234 235 242 249 256 258 261 262 263 268 271 275 279 285 286 289 291 292 295 296 298 299 300
4 10 14 15 18 25 28 30 34 38 39 41 50 63 64 68 69 78 81 92 93 99 101 105 108 110 120 124 127 128 131 137 139 141 143 150 153 154 155 164 171 172 175 176 178 180 182 186 187 188 194 200 201 211 217 220 222 223 232 234 239 245 247 256 258 260 262 265 266 279 286 290 291 294 299
5 17 18 26 30 32 37 45 47 48 52 55 61 67 68 74 76 77 80 81 87 91 98 100 101 105 113 117 120 121 123 124 125 128 129 130 134 138 139 140 141 144 146 149 153 154 158 164 167 170 171 176 191 197 198 201 204 207 208 214 215 220 224 225 232 234 239 240 254 255 257 261 262 265 277 282 286 290 291 292
2 5 7 9 11 14 15 18 20 25 27 28 30 32 36 41 51 57 58 59 60 61 63 64 69 73 77 78 92 94 95 102 108 109 112 115 116 117 123 126 129 136 139 143 146 152 154 161 164 168 170 174 175 177 186 189 190 197 199 200 201 208 212 234 235 237 239 240 244 247 251 255 258 260 261 262 263 265 266 268 270 280 286 289 292 294 296 297 298 300
7 10 13 14 18 22 23 26 32 33 38 41 49 51 52 58 68 72 73 74 77 78 84 88 95 96 98 103 108 110 116 123 124 125 126 129 132 133 138 139 148 149 156 163 170 173 178 182 185 189 194 201 206 211 221 222 225 232 234 244 245 247 254 262 266 268 270 275 284 290 292 294 295
1 3 4 11 17 21 23 25 28 31 32 39 40 41 46 48 49 52 54 55 60 64 65 67 73 75 93 94 96 98 100 103 105 108 110 112 117 119 120 122 126 127 130 131 132 139 143 146 147 148 149 152 153 158 159 166 170 172 173 174 175 176 177 178 194 197 199 200 202 203 205 208 209 217 219 221 226 232 237 249 251 252 258 260 267 270 271 275 276 281 289 291 293 295
